# NetworkCfg
# startDistanceEBs
7.71,7.71,7.71,7.71,7.71,7.71,7.71,7.71,10.56,10.56,10.56,10.56,10.56,10.56,10.56,10.56,10.56,10.56,10.56,10.56,10.56,10.56,8.32,8.32,8.32,7.25,8.32,7.25,8.32,8.32,7.25,8.32,8.32,8.32,8.32,8.32,7.25,7.15,7.15,7.15,7.15,7.15,7.15,7.15,7.15,7.15,7.15,7.15,7.15,7.15,7.15,7.15,7.15,7.15,7.15,7.15,7.15,7.15,7.15,7.15,6.51,6.51,6.51,6.51,6.51,6.51,6.51,6.51,6.51,6.51,6.51,6.51,6.51,6.51,7.25,7.25,7.25,7.25,7.25,7.25,7.25,7.25,7.25,7.25,7.25,7.25,7.25,6.51,6.51,6.51,6.51,6.51,6.51,6.51,7.71,7.71,7.71,7.71,7.71,7.71,7.71,7.71,7.71,7.71,7.15,7.15,7.15,7.15,7.15,7.15,7.15,7.15,7.15,7.15,7.15,7.15,7.15,7.15,7.15,7.15,7.15,7.15,7.15,7.15,7.15,7.15,6.51,6.51,6.51,6.51,6.51,6.51,6.51,10.56,10.56,10.56,10.56,10.56,10.56,10.56,10.56,10.56,7.15,7.15,7.15,7.15,7.15,7.15,7.15,7.15,7.71,7.71,7.71,7.71,7.71,7.71,7.71,7.71,7.71,7.71,7.71,7.71,6.51,6.51,6.51,6.51,6.51,6.51,6.51,6.51,6.51,6.51,6.51,6.51,6.51,6.51,6.51,6.51,6.51,6.51,6.51,6.51,6.51,6.51,6.51,6.51,6.51,6.51,6.51,6.51,6.51,6.51,6.51,6.51,7.15,7.15,7.15,7.71,7.71,7.15,7.71,7.71,7.15,7.71,7.15,7.15,7.15,7.71,7.15,7.71,7.71,7.71,7.15,7.15,7.15,7.15,7.15,7.71,7.71,7.71,6.51,6.51,6.51,6.51,6.51,6.51,6.51,6.51,6.51,6.51,6.51,7.25,7.15,7.25,7.15,7.25,7.25,7.15,7.25,7.15,7.71,7.71,7.71,7.71,7.71,7.71,7.71,7.25,7.25,7.25,7.25,7.25,7.25,7.25,7.25,7.25,7.25,7.25,7.25,7.25,7.25,6.51,6.51,6.51,6.51,6.51,6.51,7.71,7.71,10.56,7.71,10.56,7.71,10.56,7.71,10.56,7.71,7.71,7.71,7.71,10.56,7.71,7.71,10.56,10.56,6.51,6.51,6.51,6.51,6.51,6.51,6.51,6.51,6.51,6.51,6.51,6.51
# endDistanceEBs
8.05,8.05,8.05,8.05,8.05,8.05,8.05,8.05,11.16,11.16,11.16,11.16,11.16,10.76,10.76,10.76,10.76,10.76,10.76,10.76,10.76,10.76,9.04,9.04,9.04,9.04,9.04,9.04,9.04,8.05,8.05,9.04,9.04,8.05,9.04,8.05,9.04,6.98,6.98,6.98,6.98,6.98,6.98,6.98,6.98,6.98,6.98,6.98,6.98,6.98,6.98,6.98,6.98,6.98,6.98,6.98,6.98,6.98,6.98,6.98,6.71,6.71,6.71,6.71,6.71,6.71,6.71,6.71,6.71,6.71,6.71,6.71,6.71,6.71,8.05,8.05,8.05,8.05,8.05,8.05,8.05,8.05,8.05,8.05,8.05,8.05,8.05,6.71,6.71,6.71,6.71,6.71,6.71,6.71,8.21,8.21,8.21,8.21,8.21,8.11,8.11,8.11,8.11,8.11,6.98,6.98,6.98,6.98,6.98,6.98,6.98,6.98,6.98,6.98,6.98,6.98,6.98,6.98,6.98,6.98,6.98,6.98,6.98,6.98,6.98,6.98,6.71,6.71,6.71,6.71,6.71,6.71,6.71,10.76,10.76,10.76,10.76,10.76,10.76,10.96,10.96,10.96,6.98,6.98,6.98,6.98,6.98,6.98,6.98,6.98,8.11,8.11,8.11,8.11,8.11,8.11,8.11,8.11,8.11,8.11,8.11,8.11,6.71,6.71,6.71,6.71,6.71,6.71,6.71,6.71,6.71,6.71,6.71,6.71,6.71,6.71,6.71,6.71,6.71,6.71,6.71,6.71,6.71,6.71,6.71,6.71,6.71,6.71,6.71,6.71,6.71,6.71,6.71,6.71,6.98,6.98,6.98,6.98,6.98,8.11,6.98,8.11,6.98,6.98,8.11,6.98,8.11,8.11,8.11,8.11,6.98,8.11,6.98,8.11,6.98,6.98,6.98,8.11,8.11,8.11,7.109999999999999,7.109999999999999,7.109999999999999,7.109999999999999,7.109999999999999,7.109999999999999,7.109999999999999,7.109999999999999,7.109999999999999,7.109999999999999,7.109999999999999,8.05,8.05,8.05,6.98,6.98,8.05,6.98,6.98,8.05,8.11,8.11,8.11,8.11,8.11,8.11,8.11,8.05,8.05,8.05,8.05,8.05,8.05,8.05,8.05,8.05,8.05,8.05,8.05,8.05,8.05,7.01,7.01,7.01,7.01,7.01,7.01,8.11,8.11,10.860000000000001,10.860000000000001,8.11,8.11,8.11,10.860000000000001,8.11,8.11,8.11,10.860000000000001,10.860000000000001,8.11,10.860000000000001,8.11,8.11,10.860000000000001,7.109999999999999,7.109999999999999,7.109999999999999,7.109999999999999,7.109999999999999,7.109999999999999,7.109999999999999,7.109999999999999,7.109999999999999,7.109999999999999,7.109999999999999,7.109999999999999

# SchedulingCfg
# numEB
297
# EBs
0,1,2,3,4,5,6,7,8,9,10,11,12,13,14,15,16,17,18,19,20,21,22,23,24,25,26,27,28,29,30,31,32,33,34,35,36,37,38,39,40,41,42,43,44,45,46,47,48,49,50,51,52,53,54,55,56,57,58,59,60,61,62,63,64,65,66,67,68,69,70,71,72,73,74,75,76,77,78,79,80,81,82,83,84,85,86,87,88,89,90,91,92,93,94,95,96,97,98,99,100,101,102,103,104,105,106,107,108,109,110,111,112,113,114,115,116,117,118,119,120,121,122,123,124,125,126,127,128,129,130,131,132,133,134,135,136,137,138,139,140,141,142,143,144,145,146,147,148,149,150,151,152,153,154,155,156,157,158,159,160,161,162,163,164,165,166,167,168,169,170,171,172,173,174,175,176,177,178,179,180,181,182,183,184,185,186,187,188,189,190,191,192,193,194,195,196,197,198,199,200,201,202,203,204,205,206,207,208,209,210,211,212,213,214,215,216,217,218,219,220,221,222,223,224,225,226,227,228,229,230,231,232,233,234,235,236,237,238,239,240,241,242,243,244,245,246,247,248,249,250,251,252,253,254,255,256,257,258,259,260,261,262,263,264,265,266,267,268,269,270,271,272,273,274,275,276,277,278,279,280,281,282,283,284,285,286,287,288,289,290,291,292,293,294,295,296
# tripNumEBs
22,3,19,24,16,24,1,2,27,20,14,3,23,5,23,4,3,14,16,2,15,19,14,6,14,7,14,15,4,11,14,14,4,11,14,9,5,14,14,14,10,14,12,10,7,2,2,2,2,2,2,2,2,2,2,2,2,2,2,2,8,3,8,8,6,6,6,4,8,8,6,8,5,1,4,8,6,5,8,6,4,6,8,6,8,6,7,18,17,19,19,14,15,8,15,15,15,15,14,19,23,14,25,22,2,2,2,2,2,2,2,2,2,2,2,2,2,2,2,2,2,2,2,2,2,2,11,12,10,12,1,11,11,10,21,16,9,20,16,56,56,1,10,10,10,10,9,9,9,9,3,10,12,10,11,2,2,2,10,13,11,13,8,3,6,5,6,6,7,6,5,7,4,5,2,5,4,2,15,12,9,16,12,16,12,7,5,6,6,6,6,5,5,1,10,10,24,21,9,21,9,26,20,9,23,20,9,4,25,6,3,8,6,21,4,4,4,2,2,2,7,6,10,10,5,8,9,9,1,10,7,16,19,14,6,25,24,24,23,9,25,11,21,28,12,12,6,7,9,6,4,6,8,4,6,8,6,5,8,4,8,22,4,22,21,16,12,10,10,14,15,11,10,7,13,9,10,2,13,13,11,11,6,3,4,9,3,9,9,3,9,9,3,9,9,5,8
# tripEBs
0,6,14,20,34,39,44,49,54,59,64,69,74,79,84,89,94,97,100,103,106,109
1,8,15
2,10,16,22,25,28,31,35,40,45,50,55,60,65,70,75,80,85,90
3,11,18,23,26,29,32,36,41,46,51,56,61,66,71,76,81,86,91,95,98,101,104,107
4,12,19,37,42,47,52,57,62,67,72,77,82,87,92,110
5,13,21,24,27,30,33,38,43,48,53,58,63,68,73,78,83,88,93,96,99,102,105,108
7
9,17
111,115,119,123,127,130,133,136,139,142,145,148,151,154,157,160,163,166,170,174,178,181,184,187,190,193,196
112,116,120,124,128,131,134,137,140,143,146,149,152,155,158,161,164,168,172,176
113,117,121,125,167,171,175,179,182,185,188,191,194,197
114,118,122
126,129,132,135,138,141,144,147,150,153,156,159,162,165,169,173,177,180,183,186,189,192,195
198,201,206,214,222
199,202,209,217,225,229,233,237,241,246,249,253,257,261,267,271,275,279,283,286,289,292,295
200,204,212,220
203,210,218
205,213,221,227,231,235,239,243,247,250,254,258,262,266
207,215,223,245,248,251,265,269,273,277,281,284,287,290,293,296
208,216
211,219,226,230,234,238,242,255,259,263,268,272,276,280,298
224,228,232,236,240,244,252,256,260,264,270,274,278,282,285,288,291,294,297
377,302,391,315,401,325,411,335,421,345,433,358,445,368
378,303,435,360,447,370
379,304,392,316,402,326,412,336,422,346,434,359,446,369
299,387,350,439,363,450,373
380,305,393,317,403,327,413,337,423,347,436,361,448,371
300,389,313,399,323,409,333,419,343,430,355,443,366,453,376
381,306,432,357
382,307,394,318,404,328,414,338,424,348,437
301,390,314,400,324,410,334,420,344,431,356,444,367,454
383,308,395,319,405,329,415,339,425,349,438,362,449,372
384,309,429,354
385,310,396,320,406,330,416,340,426,351,440
386,311,397,321,407,331,417,341,427,352,441,364,451,374
388,312,398,322,408,332,418,342,428
353,442,365,452,375
455,461,468,475,496,502,507,514,521,528,534,539,544,549
456,463,470,477,483,488,494,513,520,527,533,538,543,548
457,464,471,478,493,500,505,511,518,525,532,537,542,547
458,479,484,489,495,501,506,512,519,526
459,466,473,480,485,490,497,510,517,524,531,536,541,546
460,467,474,481,486,491,498,503,508,515,522,529
462,469,476,482,487,492,530,535,540,545
465,472,499,504,509,516,523
550,579
551,578
552,577
553,576
554,575
555,574
556,573
557,572
558,571
559,570
560,569
561,568
562,567
563,566
564,565
580,593,606,615,625,638,650,664
581,594,633
582,595,607,616,626,639,651,658
583,596,608,617,628,641,652,659
584,597,630,643,653,660
585,598,609,618,629,642
586,599,610,619,631,644
587,600,627,640
588,601,611,620,632,645,654,661
589,602,612,621,634,647,655,662
590,603,624,637,649,657
591,604,613,622,635,648,656,663
592,605,614,623,636
646
665,678,722,734
666,679,691,700,709,721,735,742
667,680,692,701,710,723
668,681,719,732,740
669,682,693,702,711,724,736,743
670,683,694,703,712,725
671,684,716,729
672,685,695,704,714,727
673,686,696,705,715,728,738,745
674,687,713,726,737,744
675,688,697,706,717,730,739,746
676,689,698,707,718,731
677,690,699,708,720,733,741
747,753,759,765,771,777,781,785,791,795,802,808,814,820,826,834,840,846
748,754,760,766,772,789,794,800,806,812,818,824,830,836,842,849,853
749,755,761,767,773,778,782,787,798,804,810,816,822,828,833,839,845,851,855
750,756,762,768,774,779,783,788,793,799,805,811,817,823,829,835,841,847,856
751,757,763,769,775,786,792,796,827,832,838,844,850,854
752,758,764,770,776,780,784,790,797,803,809,815,821,848,852
801,807,813,819,825,831,837,843
857,862,867,872,877,882,887,892,897,902,907,912,917,922,927
858,863,868,873,878,883,888,893,898,903,908,913,918,923,928
859,864,869,874,879,884,889,894,899,904,909,914,919,924,929
860,865,870,875,880,885,890,895,900,905,910,915,920,925,930
861,866,871,876,881,886,891,896,901,906,911,916,921,926
931,936,941,946,951,972,977,982,987,992,997,1002,1007,1014,1019,1023,1026,1029,1032
932,937,942,947,952,955,958,961,964,967,970,975,980,985,990,995,1000,1005,1016,1021,1024,1027,1030
933,938,943,948,974,979,984,989,994,999,1004,1009,1012,1017
934,939,944,949,953,956,959,962,965,968,971,976,981,986,991,996,1001,1006,1010,1013,1018,1022,1025,1028,1031
935,940,945,950,954,957,960,963,966,969,973,978,983,988,993,998,1003,1008,1011,1015,1020,1033
1034,1077
1035,1076
1036,1075
1037,1074
1038,1073
1039,1072
1040,1071
1041,1070
1042,1069
1043,1068
1044,1067
1045,1066
1046,1065
1047,1064
1048,1063
1049,1062
1050,1061
1051,1060
1052,1059
1053,1058
1054,1057
1055,1056
1078,1084,1090,1095,1100,1106,1112,1118,1124,1130,1136
1079,1085,1091,1096,1101,1107,1113,1119,1125,1131,1137,1142
1080,1086,1104,1110,1116,1122,1128,1134,1140,1145
1081,1087,1092,1097,1102,1108,1114,1120,1126,1132,1138,1143
1082
1083,1089,1094,1099,1105,1111,1117,1123,1129,1135,1141
1088,1093,1098,1103,1109,1115,1121,1127,1133,1139,1144
1146,1151,1156,1161,1166,1219,1223,1227,1231,1235
1147,1152,1157,1162,1167,1172,1176,1180,1184,1188,1192,1196,1201,1206,1211,1216,1221,1225,1229,1233,1237
1148,1153,1158,1163,1168,1173,1177,1181,1185,1189,1193,1197,1202,1207,1212,1217
1149,1154,1159,1164,1169,1199,1204,1209,1214
1150,1155,1160,1165,1170,1174,1178,1182,1186,1190,1194,1198,1203,1208,1213,1218,1222,1226,1230,1234
1171,1175,1179,1183,1187,1191,1195,1200,1205,1210,1215,1220,1224,1228,1232,1236
1238,1240,1242,1244,1246,1248,1250,1252,1254,1256,1258,1260,1262,1264,1266,1268,1270,1272,1274,1276,1278,1280,1282,1284,1286,1288,1290,1292,1294,1296,1298,1300,1302,1304,1306,1308,1310,1312,1314,1316,1318,1320,1322,1324,1326,1328,1330,1332,1334,1336,1338,1340,1342,1344,1346,1348
1239,1241,1243,1245,1247,1249,1251,1253,1255,1257,1259,1261,1263,1265,1267,1269,1271,1273,1275,1277,1279,1281,1283,1285,1287,1289,1291,1293,1295,1297,1299,1301,1303,1305,1307,1309,1311,1313,1315,1317,1319,1321,1323,1325,1327,1329,1331,1333,1335,1337,1339,1341,1343,1345,1347,1349
1350
1351,1359,1367,1375,1383,1391,1399,1407,1415,1423
1352,1360,1368,1376,1384,1392,1400,1408,1416,1424
1353,1361,1369,1377,1385,1393,1401,1409,1417,1425
1354,1362,1370,1378,1386,1394,1402,1410,1418,1426
1355,1363,1371,1379,1387,1395,1403,1411,1419
1356,1364,1372,1380,1388,1396,1404,1412,1420
1357,1365,1373,1381,1389,1397,1405,1413,1421
1358,1366,1374,1382,1390,1398,1406,1414,1422
1427,1435,1446
1428,1436,1448,1456,1462,1468,1474,1482,1490,1498
1429,1437,1449,1457,1463,1469,1476,1484,1492,1500,1507,1513
1430,1438,1450,1458,1464,1470,1477,1485,1493,1501
1431,1439,1451,1478,1486,1494,1502,1508,1514,1518,1522
1432,1440
1433,1442
1434,1444
1441,1452,1459,1465,1471,1479,1487,1495,1503,1509
1443,1453,1460,1466,1472,1480,1488,1496,1504,1510,1515,1519,1523
1445,1454,1475,1483,1491,1499,1506,1512,1517,1521,1525
1447,1455,1461,1467,1473,1481,1489,1497,1505,1511,1516,1520,1524
1526,1541,1553,1561,1571,1585,1596,1604
1527,1542,1576
1528,1543,1554,1562,1572,1586
1529,1544,1574,1589,1598
1530,1545,1555,1563,1573,1588
1531,1546,1570,1583,1595,1603
1532,1547,1556,1564,1575,1590,1606
1533,1548,1566,1577,1592,1600
1534,1549,1557,1565,1578
1535,1550,1558,1567,1579,1593,1601
1536,1587,1597,1605
1537,1551,1559,1568,1580
1538,1584
1539,1552,1560,1569,1582
1540,1581,1594,1602
1591,1599
1607,1614,1621,1628,1635,1641,1646,1651,1656,1661,1684,1689,1694,1699,1704
1608,1615,1622,1629,1636,1642,1647,1652,1657,1663,1670,1677
1609,1616,1623,1630,1637,1662,1669,1676,1683
1610,1617,1624,1631,1638,1643,1648,1653,1658,1665,1672,1679,1686,1691,1696,1701
1611,1618,1625,1632,1639,1644,1649,1654,1659,1666,1673,1680
1612,1619,1626,1633,1640,1645,1650,1655,1660,1668,1675,1682,1688,1693,1698,1703
1613,1620,1627,1634,1664,1671,1678,1685,1690,1695,1700,1705
1667,1674,1681,1687,1692,1697,1702
1706,1723,1730,1731,1738
1707,1713,1719,1726,1735,1742
1708,1714,1720,1727,1734,1741
1709,1715,1721,1728,1733,1740
1710,1716,1722,1729,1732,1739
1711,1717,1724,1737,1744
1712,1718,1725,1736,1743
1745
1897,1750,1910,1767,1927,1826,1991,1843,2008,1860
1898,1752,1912,1769,1930,1822,1987,1839,2004,1856
1899,1754,1914,1771,1932,1779,1941,1788,1950,1797,1959,1806,1968,1815,1977,1829,1994,1846,2011,1863,2020,1877,2029,1886
1746,1906,1763,1923,1776,1936,1783,1945,1792,1954,1801,1963,1810,1972,1819,1984,1836,2001,1853,2015,1870
1747,1907,1764,1924,1830,1995,1847,2012,1864
1900,1756,1916,1772,1933,1780,1942,1789,1951,1798,1960,1807,1969,1816,1978,1865,2021,1878,2030,1888,2047
1748,1908,1765,1925,1828,1993,1845,2010,1862
1749,1909,1766,1926,1777,1938,1785,1947,1794,1956,1803,1965,1812,1974,1823,1988,1840,2005,1857,2017,1874,2026,1883,2035,1895,2044
1901,1758,1918,1773,1934,1781,1943,1790,1952,1799,1961,1808,1970,1817,1980,1832,1997,1849,2013,1866
1751,1911,1768,1928,1824,1989,1841,2006,1858
1902,1770,1929,1778,1939,1786,1948,1795,1957,1804,1966,1813,1975,1825,1990,1842,2007,1859,2018,1875,2027,1884,2036
1903,1760,1920,1774,1935,1782,1944,1791,1953,1800,1962,1809,1971,1818,1982,1834,1999,1851,2014,1868
1904,1761,1921,1867,2022,1879,2031,1890,2046
1753,1913,1887,2038
1905,1762,1922,1775,1937,1784,1946,1793,1955,1802,1964,1811,1973,1821,1986,1838,2003,1855,2016,1873,2025,1882,2034,1894,2043
1755,1915,1872,2024,1881,2033
1757,1917,1871
1759,1919,1869,2023,1880,2032,1892,2042
1931,1820,1985,1837,2002,1854
1940,1787,1949,1796,1958,1805,1967,1814,1976,1827,1992,1844,2009,1861,2019,1876,2028,1885,2037,1896,2045
1979,1831,1996,1848
1981,1833,1998,1850
1983,1835,2000,1852
1889,2039
1891,2040
1893,2041
2048,2058,2068,2075,2088,2095,2105
2049,2059,2102,2112,2118,2125
2050,2066,2073,2080,2086,2093,2103,2113,2120,2127
2051,2061,2070,2077,2084,2091,2100,2110,2117,2123
2052,2062,2099,2109,2129
2053,2063,2071,2096,2106,2115,2121,2128
2054,2064,2072,2079,2085,2092,2101,2111,2124
2055,2065,2078,2083,2090,2098,2108,2116,2122
2056
2057,2067,2074,2081,2087,2094,2104,2114,2119,2126
2060,2069,2076,2082,2089,2097,2107
2130,2213,2138,2221,2145,2228,2151,2234,2157,2240,2163,2246,2169,2252,2175,2258
2210,2134,2217,2142,2225,2148,2231,2154,2237,2160,2243,2166,2249,2172,2255,2178,2262,2186,2270
2131,2214,2139,2222,2179,2263,2187,2271,2194,2277,2200,2283,2206,2289
2211,2136,2219,2182,2266,2190
2132,2215,2140,2223,2146,2229,2152,2235,2158,2241,2164,2247,2170,2253,2176,2259,2183,2267,2191,2274,2197,2280,2203,2286,2209
2133,2216,2141,2224,2147,2230,2153,2236,2159,2242,2165,2248,2171,2254,2177,2261,2185,2269,2193,2276,2199,2282,2205,2288
2212,2137,2220,2144,2227,2150,2233,2156,2239,2162,2245,2168,2251,2174,2257,2181,2265,2189,2273,2196,2279,2202,2285,2208
2135,2218,2143,2226,2149,2232,2155,2238,2161,2244,2167,2250,2173,2256,2180,2264,2188,2272,2195,2278,2201,2284,2207
2260,2184,2268,2192,2275,2198,2281,2204,2287
2290,2294,2301,2308,2322,2325,2328,2331,2334,2337,2340,2343,2346,2349,2363,2370,2377,2382,2385,2388,2391,2394,2397,2400,2403
2291,2296,2303,2310,2314,2318,2353,2357,2361,2368,2375
2292,2298,2305,2311,2315,2319,2323,2326,2329,2332,2335,2338,2341,2344,2347,2351,2355,2359,2364,2371,2378
2293,2300,2307,2312,2316,2320,2324,2327,2330,2333,2336,2339,2342,2345,2348,2352,2356,2360,2366,2373,2380,2383,2386,2389,2392,2395,2398,2401
2295,2302,2309,2313,2317,2321,2350,2354,2358,2362,2369,2376
2297,2304,2367,2374,2381,2384,2387,2390,2393,2396,2399,2402
2299,2306,2365,2372,2379,2404
2405,2419,2433,2454,2468,2480,2487
2406,2420,2434,2443,2452,2465,2477,2485,2492
2407,2421,2435,2444,2453,2467
2408,2422,2466,2478
2409,2423,2436,2445,2455,2469
2410,2424,2437,2446,2456,2470,2481,2488
2411,2425,2463,2476
2412,2426,2438,2447,2458,2472
2413,2427,2439,2448,2459,2473,2482,2489
2414,2428,2460,2474,2483,2490
2415,2429,2440,2449,2461
2416,2430,2441,2450,2462,2475,2484,2491
2417,2431,2457,2471
2418,2432,2442,2451,2464,2479,2486,2493
2494,2499,2504,2509,2514,2518,2522,2526,2530,2534,2538,2543,2548,2553,2558,2563,2568,2572,2576,2580,2584,2588
2495,2500,2505,2510
2496,2501,2506,2511,2516,2520,2524,2528,2532,2536,2540,2545,2550,2555,2560,2565,2569,2573,2577,2581,2585,2589
2497,2502,2507,2512,2517,2521,2525,2529,2533,2537,2542,2547,2552,2557,2562,2567,2571,2575,2579,2583,2587
2498,2503,2508,2513,2541,2546,2551,2556,2561,2566,2570,2574,2578,2582,2586,2590
2515,2519,2523,2527,2531,2535,2539,2544,2549,2554,2559,2564
2591,2681,2604,2694,2625,2716,2637,2727,2651,2743
2592,2682,2606,2696,2618,2709,2632,2722,2644,2736
2677,2597,2700,2621,2712,2634,2724,2647,2739,2659,2751,2667,2759,2675
2593,2683,2607,2697,2619,2710,2633,2723,2645,2737,2658,2750,2666,2758,2674
2678,2600,2690,2614,2705,2629,2719,2640,2732,2655,2762
2594,2684,2609,2699,2622,2713,2635,2725,2648,2740
2679,2601,2691,2628,2718,2639,2730
2595,2685,2610,2701,2623,2714,2643,2735,2657,2749,2665,2757,2673
2680,2603,2693,2616,2707,2631,2721,2642,2734
2596,2686,2611,2702,2624,2715,2636,2726,2650,2742
2598,2688
2599,2689,2613,2704,2627,2717,2638,2729,2653,2745,2662,2754,2670
2602,2692,2615,2706,2630,2720,2641,2733,2656,2748,2664,2756,2672
2687,2612,2703,2626,2728,2652,2744,2661,2753,2669,2761
2605,2695,2617,2708,2649,2741,2660,2752,2668,2760,2676
2608,2698,2620,2711,2646,2738
2731,2654,2746
2747,2663,2755,2671
2763,2775,2783,2791,2799,2810,2822,2832,2840
2764,2812,2824
2765,2776,2784,2792,2800,2811,2823,2833,2841
2766,2777,2785,2793,2801,2813,2825,2834,2842
2767,2809,2821
2768,2778,2786,2794,2802,2814,2826,2835,2843
2769,2779,2787,2795,2804,2816,2828,2836,2844
2770,2806,2818
2771,2780,2788,2796,2805,2817,2829,2837,2845
2772,2781,2789,2797,2807,2819,2830,2838,2846
2773,2803,2815,2827,2847
2774,2782,2790,2798,2808,2820,2831,2839

# chargerNums
5
255,4
304,4
313,4
275,4
476,4

# RouteCfg
# numRoutes
28
# routeNames
945,282,96,984,872,452,183,79,334,990,941,453,41,285,284,871,189,98,335,98M,992,66,870,947,78,333,173,49
# routeIdByEBs
0,0,0,0,0,0,0,0,1,1,1,1,1,2,2,2,2,2,2,2,2,2,3,3,3,3,3,3,3,3,3,3,3,3,3,3,3,4,4,4,4,4,4,4,4,5,5,5,5,5,5,5,5,5,5,5,5,5,5,5,6,6,6,6,6,6,6,6,6,6,6,6,6,6,7,7,7,7,7,7,7,7,7,7,7,7,7,8,8,8,8,8,8,8,9,9,9,9,9,10,10,10,10,10,11,11,11,11,11,11,11,11,11,11,11,11,11,11,11,11,11,11,11,11,11,11,12,12,12,12,12,12,12,13,13,13,13,13,13,14,14,14,15,15,15,15,15,15,15,15,16,16,16,16,16,16,16,16,16,16,16,16,17,17,17,17,17,17,17,17,17,17,17,17,17,17,17,17,18,18,18,18,18,18,18,18,19,19,19,19,19,19,19,19,20,20,20,20,20,20,20,20,20,20,20,20,20,20,20,20,20,20,20,20,20,20,20,20,20,20,21,21,21,21,21,21,21,21,21,21,21,22,22,22,22,22,22,22,22,22,23,23,23,23,23,23,23,24,24,24,24,24,24,24,24,24,24,24,24,24,24,25,25,25,25,25,25,26,26,26,26,26,26,26,26,26,26,26,26,26,26,26,26,26,26,27,27,27,27,27,27,27,27,27,27,27,27
