# km,min,kw,t
# OperationCfg
# priceOfPowerDay,priceOfPowerNight,priceOfUnitBat,socMax,socMin,capacityMin,capacityMax
1,0.2,1250,0.8,0.2,40,320
# timeMin,timeMax,timeInterval
0,1600,1
# curbWeight,weightPerEnergy,mu,g
13.1,0,0.02,9.81
# batteryLifespan,batteryDegradation,recyclingPriceRate
1,0,0.6
# planningYears
10
# ChargerCfg
3
# chargeRate
2.5,1,1
# chargeEfficiency
0.90,0.85,0.80
# priceOfUnitCharger,priceOfInverterPerkW
0,94000,4700000,6529
# NetworkCfg
# startDistanceEBs
7.71,7.71,7.71,7.71,7.71,7.71,7.71,7.71,7.71,10.56,10.56,10.56,10.56,10.56,10.56,10.56,10.56,10.56,10.56,10.56,10.56,10.56,10.56,10.56,8.32,8.32,8.32,7.25,8.32,7.25,8.32,7.25,8.32,7.25,8.32,7.25,8.32,7.25,8.32,8.32,7.15,7.15,7.15,7.15,7.15,7.15,7.15,7.15,7.15,7.15,7.15,6.51,6.51,6.51,6.51,6.51,6.51,6.51,6.51,6.51,6.51,6.51,6.51,6.51,6.51,7.25,7.25,7.25,7.25,7.25,7.25,7.25,7.25,7.25,7.25,7.25,7.25,7.25,7.25,6.51,6.51,6.51,6.51,6.51,6.51,6.51,6.51,7.71,7.71,7.71,7.71,7.71,7.71,7.71,7.71,7.71,7.71,7.71,7.15,7.15,7.15,7.15,7.15,6.51,6.51,6.51,6.51,6.51,6.51,6.51,10.56,10.56,10.56,10.56,10.56,10.56,10.56,10.56,10.56,7.15,7.15,7.15,7.15,7.15,7.15,7.15,7.15,7.71,7.71,7.71,7.71,7.71,7.71,7.71,7.71,7.71,7.71,7.71,7.71,7.71,6.51,6.51,6.51,6.51,6.51,6.51,6.51,6.51,6.51,6.51,6.51,6.51,6.51,6.51,6.51,6.51,6.51,6.51,6.51,6.51,6.51,6.51,6.51,6.51,6.51,6.51,6.51,6.51,6.51,6.51,6.51,6.51,6.51,6.51,7.15,7.15,7.15,7.71,7.71,7.15,7.71,7.71,7.15,7.71,7.71,7.15,7.15,7.71,7.15,7.71,7.15,7.71,7.15,7.71,6.51,6.51,6.51,6.51,6.51,6.51,6.51,6.51,6.51,6.51,6.51,7.25,7.15,7.25,7.15,7.25,7.25,7.15,7.25,7.15,7.25,7.71,7.71,7.71,7.71,7.71,7.71,7.71,7.71,7.25,7.25,7.25,7.25,7.25,7.25,7.25,7.25,7.25,7.25,7.25,7.25,7.25,7.25,7.25,6.51,6.51,6.51,6.51,6.51,6.51,7.71,7.71,10.56,7.71,10.56,7.71,10.56,7.71,10.56,7.71,10.56,7.71,10.56,7.71,7.71,10.56,7.71,6.51,6.51,6.51,6.51,6.51,6.51,6.51,6.51,6.51,6.51,6.51,6.51,6.51
# endDistanceEBs
8.21,8.21,8.21,8.21,8.21,8.21,8.21,8.21,8.21,11.16,11.16,11.16,11.16,11.16,10.76,10.76,10.76,10.76,10.76,10.76,10.76,10.76,10.76,10.76,8.05,9.04,8.05,8.05,8.05,8.05,9.04,8.05,9.04,8.05,9.04,8.05,9.04,8.05,9.04,8.05,7.3500000000000005,7.3500000000000005,7.3500000000000005,7.3500000000000005,7.3500000000000005,7.3500000000000005,7.3500000000000005,7.3500000000000005,7.3500000000000005,7.3500000000000005,7.3500000000000005,6.71,6.71,6.71,6.71,6.71,6.71,6.71,6.71,6.71,6.71,6.71,6.71,6.71,6.71,8.05,8.05,8.05,8.05,8.05,8.05,8.05,8.05,8.05,8.05,8.05,8.05,8.05,8.05,6.71,6.71,6.71,6.71,6.71,6.71,6.71,6.71,8.21,8.21,8.21,8.21,8.21,8.11,8.11,8.11,8.11,8.11,8.11,7.3500000000000005,7.3500000000000005,7.3500000000000005,7.3500000000000005,7.3500000000000005,6.71,6.71,6.71,6.71,6.71,6.71,6.71,10.76,10.76,10.76,10.76,10.76,10.76,10.96,10.96,10.96,7.3500000000000005,7.3500000000000005,7.3500000000000005,7.3500000000000005,7.3500000000000005,7.3500000000000005,7.3500000000000005,7.3500000000000005,8.11,8.11,8.11,8.11,8.11,8.11,8.11,8.11,8.11,8.11,8.11,8.11,8.11,6.71,6.71,6.71,6.71,6.71,6.71,6.71,6.71,6.71,6.71,6.71,6.71,6.71,6.71,6.71,6.71,6.71,6.71,6.71,6.71,6.71,6.71,6.71,6.71,6.71,6.71,6.71,6.71,6.71,6.71,6.71,6.71,6.71,6.71,7.3500000000000005,7.3500000000000005,7.3500000000000005,7.3500000000000005,8.11,7.3500000000000005,8.11,7.3500000000000005,7.3500000000000005,8.11,7.3500000000000005,7.3500000000000005,7.3500000000000005,7.3500000000000005,7.3500000000000005,7.3500000000000005,8.11,8.11,7.3500000000000005,8.11,7.109999999999999,7.109999999999999,7.109999999999999,7.109999999999999,7.109999999999999,7.109999999999999,7.109999999999999,7.109999999999999,7.109999999999999,7.109999999999999,7.109999999999999,7.3500000000000005,7.3500000000000005,7.3500000000000005,7.3500000000000005,7.3500000000000005,7.3500000000000005,7.3500000000000005,7.3500000000000005,7.3500000000000005,7.3500000000000005,8.11,8.11,8.11,8.11,8.11,8.11,8.11,8.11,8.05,8.05,8.05,8.05,8.05,8.05,8.05,8.05,8.05,8.05,8.05,8.05,8.05,8.05,8.05,7.01,7.01,7.01,7.01,7.01,7.01,10.860000000000001,8.11,10.860000000000001,10.860000000000001,8.11,8.11,10.860000000000001,8.11,10.860000000000001,8.11,10.860000000000001,8.11,10.860000000000001,8.11,8.11,10.860000000000001,8.11,7.109999999999999,7.109999999999999,7.109999999999999,7.109999999999999,7.109999999999999,7.109999999999999,7.109999999999999,7.109999999999999,7.109999999999999,7.109999999999999,7.109999999999999,7.109999999999999,7.109999999999999
# SchedulingCfg
# numEB
274
# EBs
0,1,2,3,4,5,6,7,8,9,10,11,12,13,14,15,16,17,18,19,20,21,22,23,24,25,26,27,28,29,30,31,32,33,34,35,36,37,38,39,40,41,42,43,44,45,46,47,48,49,50,51,52,53,54,55,56,57,58,59,60,61,62,63,64,65,66,67,68,69,70,71,72,73,74,75,76,77,78,79,80,81,82,83,84,85,86,87,88,89,90,91,92,93,94,95,96,97,98,99,100,101,102,103,104,105,106,107,108,109,110,111,112,113,114,115,116,117,118,119,120,121,122,123,124,125,126,127,128,129,130,131,132,133,134,135,136,137,138,139,140,141,142,143,144,145,146,147,148,149,150,151,152,153,154,155,156,157,158,159,160,161,162,163,164,165,166,167,168,169,170,171,172,173,174,175,176,177,178,179,180,181,182,183,184,185,186,187,188,189,190,191,192,193,194,195,196,197,198,199,200,201,202,203,204,205,206,207,208,209,210,211,212,213,214,215,216,217,218,219,220,221,222,223,224,225,226,227,228,229,230,231,232,233,234,235,236,237,238,239,240,241,242,243,244,245,246,247,248,249,250,251,252,253,254,255,256,257,258,259,260,261,262,263,264,265,266,267,268,269,270,271,272,273
# tripNumEBs
13,13,13,12,12,12,12,12,12,18,18,17,17,17,11,10,10,10,10,10,10,10,10,10,11,11,11,10,11,10,10,10,10,10,10,10,10,10,10,9,12,12,12,12,12,12,12,11,10,10,10,7,6,6,6,6,6,6,6,6,6,6,6,6,6,6,6,6,6,6,6,6,6,6,6,6,6,5,5,14,14,14,14,14,14,13,13,15,15,15,15,14,18,17,17,17,17,17,9,9,9,9,8,10,10,10,10,10,9,9,16,16,15,15,15,15,38,38,37,10,10,10,10,9,9,9,9,8,8,8,8,8,8,8,8,7,7,7,7,7,5,5,5,5,5,5,5,5,5,5,5,5,5,4,4,4,4,11,11,11,11,11,11,11,11,11,5,5,5,5,5,5,5,5,16,15,15,16,16,15,16,15,16,16,15,16,14,16,16,15,15,15,15,15,8,8,8,8,8,7,7,7,7,7,7,17,16,17,16,17,16,16,17,16,17,15,15,15,14,14,14,14,14,6,6,6,6,6,6,6,6,6,6,6,6,6,6,5,17,16,16,16,16,16,11,10,11,10,11,10,10,10,10,10,10,10,10,10,10,10,10,7,7,7,7,7,7,7,6,6,6,6,6,6
# tripEBs
0,9,18,27,36,45,54,63,72,81,90,99,108
1,10,19,28,37,46,55,64,73,82,91,100,109
2,11,20,29,38,47,56,65,74,83,92,101,110
3,12,21,30,39,48,57,66,75,84,93,102
4,13,22,31,40,49,58,67,76,85,94,103
5,14,23,32,41,50,59,68,77,86,95,104
6,15,24,33,42,51,60,69,78,87,96,105
7,16,25,34,43,52,61,70,79,88,97,106
8,17,26,35,44,53,62,71,80,89,98,107
111,116,121,126,131,136,141,146,151,156,161,166,171,176,181,186,191,196
112,117,122,127,132,137,142,147,152,157,162,167,172,177,182,187,192,197
113,118,123,128,133,138,143,148,153,158,163,168,173,178,183,188,193
114,119,124,129,134,139,144,149,154,159,164,169,174,179,184,189,194
115,120,125,130,135,140,145,150,155,160,165,170,175,180,185,190,195
198,208,218,228,238,248,258,268,278,288,298
199,209,219,229,239,249,259,269,279,289
200,210,220,230,240,250,260,270,280,290
201,211,221,231,241,251,261,271,281,291
202,212,222,232,242,252,262,272,282,292
203,213,223,233,243,253,263,273,283,293
204,214,224,234,244,254,264,274,284,294
205,215,225,235,245,255,265,275,285,295
206,216,226,236,246,256,266,276,286,296
207,217,227,237,247,257,267,277,287,297
378,305,395,321,411,337,427,353,443,369,459
379,387,313,403,329,419,345,435,361,451,377
380,306,396,322,412,338,428,354,444,370,460
299,389,315,405,331,421,347,437,363,453
381,307,397,323,413,339,429,355,445,371,461
300,390,316,406,332,422,348,438,364,454
382,308,398,324,414,340,430,356,446,372
301,391,317,407,333,423,349,439,365,455
383,309,399,325,415,341,431,357,447,373
302,392,318,408,334,424,350,440,366,456
384,310,400,326,416,342,432,358,448,374
303,393,319,409,335,425,351,441,367,457
385,311,401,327,417,343,433,359,449,375
304,394,320,410,336,426,352,442,368,458
386,312,402,328,418,344,434,360,450,376
388,314,404,330,420,346,436,362,452
462,470,478,486,494,502,510,518,526,534,542,550
463,471,479,487,495,503,511,519,527,535,543,551
464,472,480,488,496,504,512,520,528,536,544,552
465,473,481,489,497,505,513,521,529,537,545,553
466,474,482,490,498,506,514,522,530,538,546,554
467,475,483,491,499,507,515,523,531,539,547,555
468,476,484,492,500,508,516,524,532,540,548,556
469,477,485,493,501,509,517,525,533,541,549
557,560,563,566,569,572,575,578,581,584
558,561,564,567,570,573,576,579,582,585
559,562,565,568,571,574,577,580,583,586
587,601,615,629,643,657,671
588,602,616,630,644,658
589,603,617,631,645,659
590,604,618,632,646,660
591,605,619,633,647,661
592,606,620,634,648,662
593,607,621,635,649,663
594,608,622,636,650,664
595,609,623,637,651,665
596,610,624,638,652,666
597,611,625,639,653,667
598,612,626,640,654,668
599,613,627,641,655,669
600,614,628,642,656,670
672,686,700,714,728,742
673,687,701,715,729,743
674,688,702,716,730,744
675,689,703,717,731,745
676,690,704,718,732,746
677,691,705,719,733,747
678,692,706,720,734,748
679,693,707,721,735,749
680,694,708,722,736,750
681,695,709,723,737,751
682,696,710,724,738,752
683,697,711,725,739,753
684,698,712,726,740
685,699,713,727,741
754,762,770,778,786,794,802,810,818,826,834,842,850,858
755,763,771,779,787,795,803,811,819,827,835,843,851,859
756,764,772,780,788,796,804,812,820,828,836,844,852,860
757,765,773,781,789,797,805,813,821,829,837,845,853,861
758,766,774,782,790,798,806,814,822,830,838,846,854,862
759,767,775,783,791,799,807,815,823,831,839,847,855,863
760,768,776,784,792,800,808,816,824,832,840,848,856
761,769,777,785,793,801,809,817,825,833,841,849,857
864,869,874,879,884,889,894,899,904,909,914,919,924,929,934
865,870,875,880,885,890,895,900,905,910,915,920,925,930,935
866,871,876,881,886,891,896,901,906,911,916,921,926,931,936
867,872,877,882,887,892,897,902,907,912,917,922,927,932,937
868,873,878,883,888,893,898,903,908,913,918,923,928,933
938,944,950,956,962,968,974,980,986,992,998,1004,1010,1016,1022,1028,1034,1040
939,945,951,957,963,969,975,981,987,993,999,1005,1011,1017,1023,1029,1035
940,946,952,958,964,970,976,982,988,994,1000,1006,1012,1018,1024,1030,1036
941,947,953,959,965,971,977,983,989,995,1001,1007,1013,1019,1025,1031,1037
942,948,954,960,966,972,978,984,990,996,1002,1008,1014,1020,1026,1032,1038
943,949,955,961,967,973,979,985,991,997,1003,1009,1015,1021,1027,1033,1039
1041,1046,1051,1056,1061,1066,1071,1076,1081
1042,1047,1052,1057,1062,1067,1072,1077,1082
1043,1048,1053,1058,1063,1068,1073,1078,1083
1044,1049,1054,1059,1064,1069,1074,1079,1084
1045,1050,1055,1060,1065,1070,1075,1080
1085,1092,1099,1106,1113,1120,1127,1134,1141,1148
1086,1093,1100,1107,1114,1121,1128,1135,1142,1149
1087,1094,1101,1108,1115,1122,1129,1136,1143,1150
1088,1095,1102,1109,1116,1123,1130,1137,1144,1151
1089,1096,1103,1110,1117,1124,1131,1138,1145,1152
1090,1097,1104,1111,1118,1125,1132,1139,1146
1091,1098,1105,1112,1119,1126,1133,1140,1147
1153,1159,1165,1171,1177,1183,1189,1195,1201,1207,1213,1219,1225,1231,1237,1243
1154,1160,1166,1172,1178,1184,1190,1196,1202,1208,1214,1220,1226,1232,1238,1244
1155,1161,1167,1173,1179,1185,1191,1197,1203,1209,1215,1221,1227,1233,1239
1156,1162,1168,1174,1180,1186,1192,1198,1204,1210,1216,1222,1228,1234,1240
1157,1163,1169,1175,1181,1187,1193,1199,1205,1211,1217,1223,1229,1235,1241
1158,1164,1170,1176,1182,1188,1194,1200,1206,1212,1218,1224,1230,1236,1242
1245,1248,1251,1254,1257,1260,1263,1266,1269,1272,1275,1278,1281,1284,1287,1290,1293,1296,1299,1302,1305,1308,1311,1314,1317,1320,1323,1326,1329,1332,1335,1338,1341,1344,1347,1350,1353,1356
1246,1249,1252,1255,1258,1261,1264,1267,1270,1273,1276,1279,1282,1285,1288,1291,1294,1297,1300,1303,1306,1309,1312,1315,1318,1321,1324,1327,1330,1333,1336,1339,1342,1345,1348,1351,1354,1357
1247,1250,1253,1256,1259,1262,1265,1268,1271,1274,1277,1280,1283,1286,1289,1292,1295,1298,1301,1304,1307,1310,1313,1316,1319,1322,1325,1328,1331,1334,1337,1340,1343,1346,1349,1352,1355
1358,1366,1374,1382,1390,1398,1406,1414,1422,1430
1359,1367,1375,1383,1391,1399,1407,1415,1423,1431
1360,1368,1376,1384,1392,1400,1408,1416,1424,1432
1361,1369,1377,1385,1393,1401,1409,1417,1425,1433
1362,1370,1378,1386,1394,1402,1410,1418,1426
1363,1371,1379,1387,1395,1403,1411,1419,1427
1364,1372,1380,1388,1396,1404,1412,1420,1428
1365,1373,1381,1389,1397,1405,1413,1421,1429
1434,1447,1460,1473,1486,1499,1512,1525
1435,1448,1461,1474,1487,1500,1513,1526
1436,1449,1462,1475,1488,1501,1514,1527
1437,1450,1463,1476,1489,1502,1515,1528
1438,1451,1464,1477,1490,1503,1516,1529
1439,1452,1465,1478,1491,1504,1517,1530
1440,1453,1466,1479,1492,1505,1518,1531
1441,1454,1467,1480,1493,1506,1519,1532
1442,1455,1468,1481,1494,1507,1520
1443,1456,1469,1482,1495,1508,1521
1444,1457,1470,1483,1496,1509,1522
1445,1458,1471,1484,1497,1510,1523
1446,1459,1472,1485,1498,1511,1524
1533,1550,1567,1584,1601
1534,1551,1568,1585,1602
1535,1552,1569,1586,1603
1536,1553,1570,1587,1604
1537,1554,1571,1588,1605
1538,1555,1572,1589,1606
1539,1556,1573,1590,1607
1540,1557,1574,1591,1608
1541,1558,1575,1592,1609
1542,1559,1576,1593,1610
1543,1560,1577,1594,1611
1544,1561,1578,1595,1612
1545,1562,1579,1596,1613
1546,1563,1580,1597
1547,1564,1581,1598
1548,1565,1582,1599
1549,1566,1583,1600
1614,1623,1632,1641,1650,1659,1668,1677,1686,1695,1704
1615,1624,1633,1642,1651,1660,1669,1678,1687,1696,1705
1616,1625,1634,1643,1652,1661,1670,1679,1688,1697,1706
1617,1626,1635,1644,1653,1662,1671,1680,1689,1698,1707
1618,1627,1636,1645,1654,1663,1672,1681,1690,1699,1708
1619,1628,1637,1646,1655,1664,1673,1682,1691,1700,1709
1620,1629,1638,1647,1656,1665,1674,1683,1692,1701,1710
1621,1630,1639,1648,1657,1666,1675,1684,1693,1702,1711
1622,1631,1640,1649,1658,1667,1676,1685,1694,1703,1712
1713,1721,1729,1737,1745
1714,1722,1730,1738,1746
1715,1723,1731,1739,1747
1716,1724,1732,1740,1748
1717,1725,1733,1741,1749
1718,1726,1734,1742,1750
1719,1727,1735,1743,1751
1720,1728,1736,1744,1752
1910,1763,1930,1783,1950,1801,1970,1821,1990,1838,2010,1858,2030,1881,2048,1903
1911,1764,1931,1784,1951,1802,1971,1822,1991,1839,2011,1859,2031,1882,1897
1912,1765,1932,1785,1953,1804,1973,1824,1994,1842,2014,1862,1877,2046,1901
1753,1920,1773,1940,1955,1806,1975,1826,1998,1846,2018,1866,2035,1886,2051,1906
1754,1921,1774,1941,1792,1961,1812,1981,1831,2003,1851,2023,1871,2040,1891,2056
1913,1766,1933,1786,1954,1805,1974,1825,1996,1844,2016,1864,2033,1884,1899
1755,1922,1775,1942,1793,1962,1813,1982,1832,2004,1852,2024,1872,2041,1892,2057
1756,1923,1776,1943,1794,1963,1814,1983,1995,1843,2015,1863,1879,2047,1902
1914,1767,1934,1787,1956,1807,1976,1827,1999,1847,2019,1867,2036,1887,2052,1907
1757,1924,1777,1944,1795,1964,1815,1984,1833,2005,1853,2025,1873,2042,1894,2059
1758,1925,1778,1945,1796,1965,1816,1985,1834,2006,1854,2026,1874,2043,1896
1915,1768,1935,1788,1957,1808,1977,1828,2000,1848,2020,1868,2037,1888,2053,1908
1916,1769,1936,1952,1803,1972,1823,1992,1840,2012,1860,1875,2044,1898
1759,1926,1779,1946,1797,1966,1817,1986,1997,1845,2017,1865,2034,1885,2050,1905
1917,1770,1937,1789,1958,1809,1978,1829,2001,1849,2021,1869,2038,1889,2054,1909
1760,1927,1780,1947,1798,1967,1818,1987,1835,2007,1855,2027,1876,2045,1900
1918,1771,1938,1790,1959,1810,1979,1830,2002,1850,2022,1870,2039,1890,2055
1761,1928,1781,1948,1799,1968,1819,1988,1836,2008,1856,2028,1878,1893,2058
1919,1772,1939,1791,1960,1811,1980,1993,1841,2013,1861,2032,1883,2049,1904
1762,1929,1782,1949,1800,1969,1820,1989,1837,2009,1857,2029,1880,1895,2060
2061,2072,2083,2094,2105,2116,2127,2138
2062,2073,2084,2095,2106,2117,2128,2139
2063,2074,2085,2096,2107,2118,2129,2140
2064,2075,2086,2097,2108,2119,2130,2141
2065,2076,2087,2098,2109,2120,2131,2142
2066,2077,2088,2099,2110,2121,2132
2067,2078,2089,2100,2111,2122,2133
2068,2079,2090,2101,2112,2123,2134
2069,2080,2091,2102,2113,2124,2135
2070,2081,2092,2103,2114,2125,2136
2071,2082,2093,2104,2115,2126,2137
2143,2232,2153,2242,2163,2252,2173,2262,2183,2272,2193,2283,2203,2293,2213,2303,2223
2228,2149,2238,2159,2248,2169,2258,2179,2268,2189,2278,2198,2288,2208,2298,2218
2144,2233,2154,2243,2164,2253,2174,2263,2184,2273,2194,2284,2204,2294,2214,2304,2224
2229,2150,2239,2160,2249,2170,2259,2180,2269,2190,2279,2199,2289,2209,2299,2219
2145,2234,2155,2244,2165,2254,2175,2264,2185,2274,2195,2285,2205,2295,2215,2305,2225
2146,2235,2156,2245,2166,2255,2176,2265,2186,2275,2280,2200,2290,2210,2300,2220
2230,2151,2240,2161,2250,2171,2260,2181,2270,2191,2281,2201,2291,2211,2301,2221
2147,2236,2157,2246,2167,2256,2177,2266,2187,2276,2196,2286,2206,2296,2216,2306,2226
2231,2152,2241,2162,2251,2172,2261,2182,2271,2192,2282,2202,2292,2212,2302,2222
2148,2237,2158,2247,2168,2257,2178,2267,2188,2277,2197,2287,2207,2297,2217,2307,2227
2308,2316,2324,2332,2340,2348,2356,2364,2372,2380,2388,2396,2404,2412,2420
2309,2317,2325,2333,2341,2349,2357,2365,2373,2381,2389,2397,2405,2413,2421
2310,2318,2326,2334,2342,2350,2358,2366,2374,2382,2390,2398,2406,2414,2422
2311,2319,2327,2335,2343,2351,2359,2367,2375,2383,2391,2399,2407,2415
2312,2320,2328,2336,2344,2352,2360,2368,2376,2384,2392,2400,2408,2416
2313,2321,2329,2337,2345,2353,2361,2369,2377,2385,2393,2401,2409,2417
2314,2322,2330,2338,2346,2354,2362,2370,2378,2386,2394,2402,2410,2418
2315,2323,2331,2339,2347,2355,2363,2371,2379,2387,2395,2403,2411,2419
2423,2438,2453,2468,2483,2498
2424,2439,2454,2469,2484,2499
2425,2440,2455,2470,2485,2500
2426,2441,2456,2471,2486,2501
2427,2442,2457,2472,2487,2502
2428,2443,2458,2473,2488,2503
2429,2444,2459,2474,2489,2504
2430,2445,2460,2475,2490,2505
2431,2446,2461,2476,2491,2506
2432,2447,2462,2477,2492,2507
2433,2448,2463,2478,2493,2508
2434,2449,2464,2479,2494,2509
2435,2450,2465,2480,2495,2510
2436,2451,2466,2481,2496,2511
2437,2452,2467,2482,2497
2512,2518,2524,2530,2536,2542,2548,2554,2560,2566,2572,2578,2584,2590,2596,2602,2608
2513,2519,2525,2531,2537,2543,2549,2555,2561,2567,2573,2579,2585,2591,2597,2603
2514,2520,2526,2532,2538,2544,2550,2556,2562,2568,2574,2580,2586,2592,2598,2604
2515,2521,2527,2533,2539,2545,2551,2557,2563,2569,2575,2581,2587,2593,2599,2605
2516,2522,2528,2534,2540,2546,2552,2558,2564,2570,2576,2582,2588,2594,2600,2606
2517,2523,2529,2535,2541,2547,2553,2559,2565,2571,2577,2583,2589,2595,2601,2607
2609,2703,2627,2719,2644,2736,2661,2754,2677,2771,2694
2610,2704,2629,2721,2646,2738,2663,2756,2679,2773
2696,2619,2628,2720,2645,2737,2662,2755,2678,2772,2695
2611,2705,2630,2722,2647,2739,2749,2673,2767,2690
2697,2620,2712,2637,2729,2654,2746,2670,2764,2687,2781
2612,2706,2631,2723,2648,2740,2664,2757,2680,2774
2698,2621,2713,2638,2730,2655,2747,2671,2765,2688
2613,2707,2632,2724,2649,2741,2665,2758,2681,2775
2699,2622,2714,2639,2731,2656,2748,2672,2766,2689
2614,2708,2633,2725,2650,2742,2666,2759,2682,2776
2700,2623,2715,2640,2732,2657,2750,2674,2768,2691
2615,2625,2717,2642,2734,2659,2752,2763,2686,2780
2701,2624,2716,2641,2733,2658,2751,2675,2769,2692
2616,2709,2634,2726,2651,2743,2667,2760,2683,2777
2617,2710,2635,2727,2652,2744,2668,2761,2684,2778
2702,2626,2718,2643,2735,2660,2753,2676,2770,2693
2618,2711,2636,2728,2653,2745,2669,2762,2685,2779
2782,2795,2808,2821,2834,2847,2860
2783,2796,2809,2822,2835,2848,2861
2784,2797,2810,2823,2836,2849,2862
2785,2798,2811,2824,2837,2850,2863
2786,2799,2812,2825,2838,2851,2864
2787,2800,2813,2826,2839,2852,2865
2788,2801,2814,2827,2840,2853,2866
2789,2802,2815,2828,2841,2854
2790,2803,2816,2829,2842,2855
2791,2804,2817,2830,2843,2856
2792,2805,2818,2831,2844,2857
2793,2806,2819,2832,2845,2858
2794,2807,2820,2833,2846,2859
# chargerNums
5
255,4
304,4
313,4
275,4
476,4