# start,end,distance 
255,223,0.5
255,147,0.6
255,2,0.4
255,107,2.7
255,144,0.5
223,224,0.4
224,456,0.7
456,384,0.4
384,385,0.3
384,231,0.4
385,185,0.4
185,405,0.4
185,187,0.6
185,414,0.5
185,352,0.3
405,183,0.3
183,182,0.2
183,184,0.4
182,179,0.3
182,355,0.3
179,471,0.4
471,356,0.3
356,259,0.4
259,258,0.3
258,227,0.5
227,455,0.6
455,152,0.4
152,255,0.5
152,147,0.4
152,476,3.06
275,193,0.8
275,322,0.6
275,101,0.6
275,354,0.5
193,188,0.5
188,365,0.5
365,245,0.8
365,242,0.9
365,8,0.4
245,243,0.2
243,487,0.2
487,244,0.3
244,214,1.0
244,242,0.5
214,183,0.5
214,211,0.2
184,275,0.6
322,190,0.5
322,365,0.4
190,491,0.8
491,279,0.8
279,460,0.3
460,58,0.3
460,80,0.3
58,298,0.2
298,446,0.3
446,324,0.4
324,7,1.1
324,275,2.6
7,197,0.6
197,211,0.3
211,276,0.4
211,277,0.4
276,275,0.2
276,354,0.3
112,109,0.4
112,432,0.4
109,112,0.3
313,116,0.9
313,289,0.6
313,465,1.1
116,119,0.3
119,458,0.3
119,305,0.3
458,38,0.3
38,333,0.4
333,346,0.3
333,272,0.5
346,169,0.3
346,450,0.3
169,30,0.5
30,396,0.3
30,127,0.8
396,363,0.6
396,332,0.8
396,107,0.8
363,362,0.4
363,255,2.3
363,205,0.4
363,476,1.05
362,361,0.5
362,327,0.3
361,397,0.4
397,65,0.5
65,380,0.8
65,351,0.3
380,219,0.6
219,273,0.3
273,381,0.5
381,329,0.4
329,468,0.5
468,135,0.5
135,265,0.3
265,235,0.3
235,124,0.4
124,453,0.4
453,260,0.6
260,236,0.2
236,488,0.4
488,375,0.4
375,376,0.2
27,238,0.2
238,237,0.5
237,232,0.3
232,130,0.3
130,429,0.6
130,128,0.3
429,100,0.3
100,246,0.4
246,389,0.3
389,344,0.3
344,0,1.1
0,249,0.4
249,394,0.4
394,103,0.3
103,247,0.5
247,248,0.2
248,3,0.8
248,27,3.53
3,194,0.5
3,374,0.5
194,202,0.5
194,198,0.3
194,254,0.5
202,203,0.3
203,207,0.5
203,107,0.9
207,283,0.5
283,82,0.4
283,57,6.0
283,430,0.5
283,476,2.14
82,157,0.4
157,145,0.3
145,109,0.3
145,272,0.4
145,99,0.3
432,115,0.2
115,75,0.4
115,304,0.6
75,313,0.8
75,304,0.2
75,440,0.3
75,27,8.64
75,476,4.68
153,132,0.5
476,172,0.4
172,114,0.4
172,150,0.4
114,118,0.4
114,113,0.6
118,117,0.4
118,139,0.4
117,89,0.3
89,59,0.2
59,283,0.8
272,352,0.9
272,357,0.2
352,171,0.3
171,185,0.4
171,3,0.3
171,426,0.3
187,393,0.3
393,346,0.3
393,109,0.4
332,36,0.4
36,338,0.2
338,143,0.4
143,148,0.3
143,475,0.5
143,473,0.5
148,178,0.4
178,476,0.2
178,57,7.51
178,255,3.25
178,172,0.18
178,313,5.07
150,149,0.3
149,141,0.4
141,142,0.3
142,143,0.3
475,283,0.7
475,363,0.4
57,396,5.4
57,129,0.3
107,118,0.4
107,148,0.4
139,154,0.3
154,347,0.3
154,152,0.3
347,180,0.4
180,178,0.3
304,465,0.7
304,313,0.6
304,301,0.9
304,116,0.4
304,326,0.8
465,137,0.4
465,105,0.3
465,134,0.5
137,348,0.5
137,151,0.7
137,153,0.5
348,162,0.3
162,412,0.6
162,407,0.6
412,48,0.3
48,483,0.3
483,486,0.3
486,29,0.6
29,43,0.2
29,434,0.4
43,41,0.7
43,304,2.77
41,9,0.6
9,177,0.4
177,278,0.3
177,169,0.5
177,275,0.3
177,255,5.95
278,181,0.3
278,365,0.6
278,255,5.64
181,190,0.4
181,189,0.3
80,10,0.5
10,85,0.3
85,290,0.3
290,302,0.3
302,489,0.2
489,299,0.3
299,49,0.4
49,287,0.1
287,474,0.3
474,478,0.4
478,421,0.3
421,479,0.3
479,400,0.2
400,427,0.2
427,31,0.3
31,417,0.4
417,477,0.3
477,481,0.3
481,7,1.0
354,325,0.3
354,133,0.4
325,96,0.6
96,97,0.8
97,81,0.3
97,434,0.4
81,445,0.6
445,443,0.3
443,95,0.4
95,306,0.2
306,163,0.6
163,165,0.3
165,136,0.4
165,153,0.2
165,151,0.4
136,91,0.3
91,75,0.4
91,304,0.6
242,226,0.2
305,313,0.5
289,61,0.7
289,83,0.4
61,196,0.2
196,69,0.4
69,371,0.5
69,174,0.3
371,88,0.4
88,86,0.5
86,35,0.8
86,463,0.6
35,410,0.8
410,18,0.5
410,24,0.5
18,268,0.2
18,34,0.4
268,21,0.4
21,395,0.5
395,342,0.5
395,122,0.3
342,51,0.4
51,416,0.4
416,40,0.4
40,5,0.4
5,4,0.3
4,37,0.3
37,63,0.4
63,241,0.9
241,252,0.5
252,378,0.7
252,313,6.49
378,39,1.0
39,90,0.3
90,66,0.3
66,67,0.3
67,447,0.4
447,274,0.4
274,15,0.5
15,126,0.3
126,281,0.5
281,74,0.4
281,12,0.5
74,467,0.4
467,310,0.3
310,303,0.4
310,73,0.4
303,87,0.9
87,18,0.5
34,102,0.6
102,16,0.4
102,174,0.2
16,359,0.2
359,78,0.3
78,32,0.2
78,399,0.3
32,399,0.4
399,408,0.3
399,304,1.1
399,424,0.9
408,312,0.3
408,304,0.8
312,411,0.4
411,115,0.4
8,323,0.5
147,161,0.4
147,158,0.6
161,166,0.4
161,271,0.4
263,461,0.7
263,98,0.6
263,420,2.1
461,43,0.4
461,81,0.5
434,388,0.7
434,98,1.0
388,319,0.5
314,146,0.4
314,158,0.4
146,255,0.5
146,223,0.4
146,450,0.5
200,309,0.5
120,107,0.4
120,454,0.4
336,331,0.4
113,133,0.7
113,283,0.7
133,339,0.4
133,318,0.7
339,340,0.5
93,70,0.4
402,293,0.2
402,404,0.5
293,482,0.4
482,160,0.8
442,403,0.3
403,292,0.3
403,20,0.3
292,93,0.2
292,404,0.4
292,321,0.2
105,108,0.3
108,346,0.4
450,185,0.4
414,218,0.4
218,216,0.4
216,212,0.3
212,222,0.3
212,213,0.3
222,233,0.4
233,234,0.4
234,194,0.2
198,200,0.4
198,220,0.4
309,176,0.4
176,426,0.4
426,145,0.4
426,156,0.4
99,138,0.3
138,91,0.4
160,161,0.3
160,146,0.4
160,345,0.5
220,369,0.3
166,387,0.5
387,257,0.4
387,140,0.3
257,168,0.3
257,104,0.4
257,131,0.4
168,159,0.4
159,348,0.2
159,136,0.5
407,424,0.7
424,301,0.5
424,409,0.3
301,91,0.4
301,137,0.5
440,326,0.6
326,297,0.4
326,300,0.6
297,163,0.7
132,383,0.3
132,131,0.4
383,262,0.4
383,387,0.5
262,349,0.5
262,167,0.4
262,257,0.4
349,314,0.4
349,271,0.5
210,206,0.3
206,201,0.5
201,200,0.2
201,220,0.2
156,155,0.4
155,348,0.4
155,136,0.6
151,146,0.4
2,336,0.4
2,256,0.4
2,65,0.6
331,131,0.5
331,383,0.4
131,130,0.2
131,121,0.3
128,284,0.6
128,82,0.7
284,62,0.3
62,367,0.3
367,208,0.3
367,53,0.4
367,364,0.3
208,320,0.4
320,127,0.5
127,123,0.3
123,106,0.3
106,104,0.3
106,383,0.3
106,168,0.3
104,253,0.4
104,239,0.6
253,374,0.5
374,255,0.4
374,476,3.22
374,275,4.98
158,404,1.8
158,442,0.8
158,255,15.09
404,260,2.7
404,93,0.7
98,291,0.2
98,42,0.3
291,285,0.3
285,72,0.3
72,343,0.4
343,330,0.2
330,46,0.3
330,428,0.3
330,56,0.4
46,386,0.4
386,452,0.6
452,57,0.3
129,19,0.3
129,466,0.4
19,45,0.2
19,296,0.4
45,401,0.3
401,44,0.2
44,461,0.9
44,388,0.6
226,370,0.4
370,441,0.5
370,288,1.1
441,449,0.9
449,485,0.3
485,457,0.3
457,251,0.3
251,250,0.2
250,221,0.6
221,225,0.2
221,206,0.3
221,222,0.2
225,379,0.3
379,214,0.9
340,106,0.4
355,334,0.3
101,173,0.3
173,192,0.5
192,275,0.4
205,367,0.3
53,373,0.8
373,258,0.5
271,50,0.5
50,1,0.5
1,480,0.3
480,6,0.3
6,343,0.4
428,57,1.1
466,438,0.3
438,64,0.4
64,451,0.3
451,164,0.6
164,314,0.4
164,166,0.5
231,328,0.8
328,215,0.3
215,107,1.1
215,204,0.3
144,331,0.5
167,433,0.3
433,422,0.4
422,263,0.4
422,255,2.05
420,170,0.7
170,177,0.3
323,423,0.5
423,360,0.5
360,211,0.5
318,388,1.6
319,459,0.2
459,350,0.4
350,387,0.3
239,255,0.4
213,372,0.4
372,317,0.4
372,26,0.4
317,431,0.5
431,316,0.2
316,13,0.4
13,358,0.4
358,111,0.4
358,182,0.4
111,377,0.3
377,311,0.3
311,341,0.2
341,266,0.5
341,11,0.3
266,281,0.2
73,282,0.3
282,71,0.3
71,410,0.3
24,435,0.4
435,76,0.3
76,307,0.8
307,23,0.9
23,462,0.5
462,77,0.1
77,73,0.4
77,12,0.8
122,125,0.4
125,415,0.2
415,240,0.2
415,110,0.5
240,335,0.3
335,189,0.3
189,191,0.3
191,418,0.5
418,419,0.7
419,228,0.4
228,221,0.4
228,229,0.3
174,186,0.4
186,94,0.2
264,382,0.4
382,368,0.3
368,16,0.4
368,371,0.3
357,308,0.4
308,79,0.4
79,228,0.4
229,230,0.3
230,210,0.4
369,492,0.3
492,366,0.4
366,372,0.4
26,413,0.4
413,187,0.4
12,47,0.8
47,125,0.4
47,392,1.4
280,425,0.5
256,209,0.5
209,215,0.3
204,52,0.3
52,203,0.3
473,363,0.4
327,217,0.3
217,367,0.3
364,337,0.6
337,374,0.5
121,120,0.4
454,107,1.3
430,339,0.4
351,353,0.3
353,199,0.4
199,195,0.4
195,194,0.3
254,175,0.3
175,171,0.3
83,264,0.2
463,54,0.4
54,390,0.4
390,391,0.5
390,313,4.33
391,280,0.7
425,92,0.2
92,472,0.3
472,398,0.3
398,464,0.3
464,84,0.8
84,221,1.2
277,322,0.8
288,286,0.3
286,437,0.3
437,448,0.3
448,484,0.4
484,33,0.4
33,269,0.5
269,267,0.4
267,315,0.4
315,436,0.6
436,18,0.5
94,32,0.2
409,304,0.5
140,158,0.5
20,402,0.1
70,439,0.6
439,470,0.5
470,469,0.3
469,55,0.7
55,57,0.2
296,68,0.3
68,444,0.4
444,44,0.2
42,14,0.4
14,406,0.3
406,72,0.3
56,490,0.5
490,261,0.2
261,28,0.5
28,17,0.7
17,294,0.3
294,295,0.7
295,292,0.5
321,293,0.3
345,262,0.3
134,326,0.5
300,25,0.7
25,270,0.6
270,22,1.2
22,77,0.5
110,60,0.3
60,181,0.4
334,311,0.6
11,47,0.5
392,78,0.6
376,27,0.22
376,313,9.0
